809
633
93
973
733
664
373
360
287
535
534
525
589
627
887
52
583
357
89
782
812
635
877
720
713
256
392
680
231
849
945
807
928
666
416
117
508
384
824
55
479
716
949
935
623
376
705
483
642
385
262
458
364
603
413
710
679
601
559
955
968
926
442
967
917
764
767
208
419
332
187
393
154
191
969
756
202
771
406
570
336
68
845
866
224
783
748
994
752
432
217
693
471
507
776
312
831
181
732
598
297
840
676
885
737
761
820
253
596
738
918
273
265
347
953
408
443
431
238
779
275
211
156
980
171
730
132
721
246
894
628
663
815
257
670
95
280
816
239
134
69
759
407
726
451
544
591
354
351
371
418
536
552
750
618
695
957
823
757
513
76
176
951
744
760
125
9
17
919
178
271
529
579
500
322
870
966
465
786
889
632
19
21
430
962
874
577
499
784
539
299
104
873
158
27
78
110
502
560
249
517
607
223
946
381
611
904
358
862
79
58
825
475
854
293
860
899
683
480
270
248
506
60
136
414
593
404
788
735
420
927
624
380
80
128
677
150
751
714
673
998
39
447
462
871
514
130
365
123
808
337
427
686
113
891
10
311
762
260
678
861
250
621
727
997
200
241
810
805
790
729
210
467
970
954
283
741
116
54
910
7
743
740
378
936
190
28
798
153
86
474
140
382
111
634
886
199
921
739
702
212
14
542
226
857
45
905
363
294
56
911
747
515
245
486
423
671
521
830
990
932
585
902
452
608
723
346
484
172
942
563
121
620
216
344
958
931
836
965
189
387
631
127
722
352
531
853
699
460
201
758
657
715
661
141
445
766
397
144
489
395
359
97
72
472
83
468
70
606
658
572
662
220
349
847
575
29
340
848
787
864
30
872
81
412
422
107
602
306
26
229
331
494
386
334
785
456
67
277
379
844
90
119
225
605
537
578
582
409
700
528
163
778
638
135
901
979
995
587
985
355
599
674
91
867
653
770
551
184
206
987
22
266
402
424
62
15
731
1000
742
230
400
335
545
943
396
922
374
520
151
648
640
137
476
547
890
802
813
505
801
518
63
906
368
630
436
441
233
59
717
869
832
978
930
912
629
73
37
356
569
321
838
503
133
511
43
956
755
574
114
916
754
681
259
746
696
71
444
160
497
581
728
204
934
668
446
615
428
170
477
421
828
345
401
274
829
613
164
718
361
588
567
65
963
269
177
3
532
169
703
923
240
639
203
568
394
654
543
773
804
909
18
794
558
286
109
101
665
781
573
237
388
796
992
492
236
644
641
880
263
493
495
46
789
566
284
2
944
108
333
118
301
478
84
242
64
94
610
938
915
841
833
304
449
684
792
261
818
166
651
698
799
875
879
469
594
143
937
896
685
186
66
719
175
403
222
625
530
510
159
34
254
940
438
925
174
749
656
198
554
295
453
282
898
49
342
350
694
145
982
504
487
1
892
182
405
272
459
584
102
185
298
835
881
42
290
647
564
87
772
161
724
988
193
391
856
51
377
516
31
975
434
415
426
232
207
328
519
470
99
765
797
555
44
327
595
348
353
481
50
106
859
399
296
553
878
793
597
74
660
939
291
330
947
139
523
243
339
417
77
697
882
466
852
688
288
167
370
173
914
425
218
893
152
811
795
834
179
61
549
586
646
924
692
865
548
999
192
343
219
512
146
900
814
736
292
157
315
780
183
972
32
16
626
903
822
707
53
590
375
244
12
214
960
868
303
622
546
390
281
122
454
268
977
541
984
929
308
326
461
8
6
706
983
526
667
643
803
33
149
959
993
964
82
645
496
20
448
637
538
712
112
235
440
791
565
533
40
188
383
652
455
75
687
264
734
827
701
775
48
278
745
837
366
410
463
612
981
941
215
209
100
88
883
285
148
11
325
473
482
323
604
279
36
35
682
258
124
437
948
986
821
5
389
971
669
180
619
464
57
855
439
221
636
205
227
457
165
763
950
976
313
38
196
913
23
98
650
85
433
908
876
234
307
316
252
13
561
614
142
25
251
435
996
488
310
704
120
952
991
571
843
609
768
839
47
897
616
147
228
362
562
509
168
672
105
725
4
675
318
320
863
711
817
540
826
842
974
600
522
524
777
649
819
131
319
267
341
907
689
989
501
302
498
450
197
92
411
858
155
96
276
708
961
41
617
126
888
485
490
806
129
329
753
338
851
255
305
527
557
247
709
920
138
162
213
309
691
194
690
115
550
933
556
195
398
800
580
846
372
429
300
24
324
850
592
655
103
367
884
895
369
289
317
769
774
491
576
659
314
