2634
1989
4458
3312
9361
3812
5845
6611
2653
1268
7062
860
9864
2638
7057
2183
9515
1971
4297
5863
3401
9272
6568
6050
7691
8916
2737
8289
7440
9482
3785
8154
2701
1356
2597
2980
9211
5679
9795
8802
4183
4873
9046
6456
8345
6390
8569
8688
749
7654
3249
4302
4061
2231
5315
7015
7853
9883
1884
1377
8180
4738
3322
6567
5684
5389
5714
5815
1254
4397
3704
9160
7888
6343
4028
8032
6607
10000
2243
6717
7420
9355
4719
8804
8133
8854
1917
999
7120
5686
2644
3585
7914
4429
1031
6042
6706
2422
653
1343
6488
6609
3487
4305
2720
8613
3996
2248
2040
1184
6783
4923
2808
5509
4604
9345
5527
3268
1404
4844
1802
4009
5832
3692
7129
5689
3386
3670
7744
3675
8870
9787
3900
491
2265
8406
7101
2555
922
7824
3538
8064
7806
3273
7421
9373
9900
5364
600
2112
9640
5379
544
5372
9349
934
1662
3631
1607
8121
8615
3922
609
3569
4131
8863
2694
4511
3218
2382
5668
3601
8960
9979
7500
9546
9627
9542
4285
9533
2827
4352
9716
7673
17
3348
5458
4548
7690
6174
9020
4545
2613
4291
8045
5867
2588
8661
8799
7039
7473
8583
6026
8826
3298
4176
6631
3153
6001
4555
6922
3590
5644
1057
3897
3057
3171
1744
8531
3492
4925
6903
8193
2657
3543
9001
593
7246
767
8411
1218
9928
6817
3908
5164
9080
3808
7757
1836
6713
2259
9168
6938
1806
7338
372
5054
9034
3480
5865
4715
8891
8952
5702
1670
2759
8037
4755
1497
7561
4525
9435
3524
7505
2412
667
8605
7470
6520
1770
7805
8140
9025
3610
5639
6025
4081
3941
680
9643
2279
9858
5051
8405
632
7692
4220
5822
708
7384
57
4124
5504
3532
2376
9416
9698
3133
2922
9860
3224
8695
833
6747
3856
7459
2198
9301
9444
7296
8630
9045
8692
1310
6142
3600
4819
7715
5544
4572
3085
1143
3770
6945
8869
7202
6926
1279
3830
4866
4989
2312
4363
2753
8690
8512
6646
4612
7408
9354
3791
8913
5746
1537
8179
5367
1914
7260
7083
9903
5197
7729
1219
2736
9263
9532
957
1856
1841
2929
4094
7140
2397
3553
5048
9510
3377
7971
3712
4959
4869
5403
6533
6165
2441
8288
1423
1716
7244
2951
3973
5384
4902
4709
3651
7857
3308
8315
4673
8709
6634
6660
7282
7356
219
2094
1296
7936
9998
9458
2678
3168
4887
2415
655
7685
801
1782
6250
6021
6378
1242
2567
2708
3746
5593
6216
864
4994
5409
4378
1498
2010
7430
7286
9899
8590
1119
8817
8277
8075
8998
2459
1595
3098
5103
8251
5402
3437
9893
9174
7434
1566
1304
758
660
4503
6160
27
7550
1472
724
5416
3383
6065
9892
8088
1338
7663
3425
5422
1940
1311
125
6229
6875
8818
5784
1177
3955
9022
7258
8371
8079
4507
117
6754
3860
8245
3140
5036
5573
2867
6649
2866
2842
96
9632
9057
2343
7163
3471
8081
9021
3038
8357
7476
6397
8533
472
1317
8351
4757
9926
7515
3315
2784
7804
3649
8196
4029
6492
482
931
4113
9169
7670
4093
141
7148
130
2084
5108
8758
5515
4689
2461
9508
8161
4017
9381
7178
4405
5290
9016
9454
6368
1801
3458
2603
6952
1044
3515
1646
7288
5703
8722
1476
8226
3083
9302
2679
5418
3843
5987
9765
5600
7609
6599
3352
631
5017
7033
8738
5316
7029
9523
6354
7409
9586
8991
6896
857
2688
2921
5282
9213
6405
3995
1680
3817
7049
6072
473
1830
5693
641
8467
8382
9630
3229
6440
9266
5363
5817
3987
9126
4958
4106
4128
6662
9203
757
9975
813
4975
6628
5267
2627
8974
590
8642
1864
5014
2221
1328
9660
6881
1875
551
2476
9742
5948
3290
8837
9187
4042
7683
9851
7522
7724
3528
2985
9384
6067
7786
1122
2998
3154
8941
4384
8236
5257
8812
7518
1939
5819
5234
5498
1413
9267
8217
4641
7480
2575
898
1800
7263
2963
1910
4306
2053
3450
4773
998
3968
1664
5752
6565
2194
9348
5482
8693
5210
6261
1351
206
8626
4044
7795
7650
42
9602
2370
9702
1457
6703
9476
9204
4287
1581
5205
8498
7996
3444
8119
1658
329
1345
6379
9146
4600
844
7444
1529
2429
2171
5642
6372
7104
4911
8557
2676
6528
2860
5104
2717
7859
7133
7177
8639
3259
7485
9359
5456
5463
7001
6818
168
4484
8744
9588
8754
4796
3614
3669
6491
3252
859
8730
8699
6099
1528
9417
2252
2932
933
3076
4848
2789
6758
3703
421
759
9724
964
6429
6168
9969
6334
2152
983
5528
9439
3294
8389
2093
5740
4317
856
3199
3296
9567
9326
6853
1599
1312
105
7150
4245
8697
2440
2077
9967
1682
9118
4325
5366
5092
3520
1815
7385
4704
1862
7815
8254
8477
3917
7457
8917
7610
1605
9475
5572
9856
3574
5905
4968
2227
6124
7416
4805
8412
9566
6339
4791
3288
1490
9587
59
755
3780
2238
7005
2886
645
7354
1923
4427
5206
8496
1251
3301
3831
4243
3644
826
6002
7092
1564
2335
689
3061
705
3490
6975
2059
839
3125
3719
1010
1203
5655
7938
9270
5577
1330
2778
8111
8508
6205
3962
1082
8021
8164
3953
1950
5303
612
3503
4108
9293
1681
6696
7606
241
1763
6442
5706
7019
6554
6797
7079
8072
5258
89
394
8403
4898
6212
4942
2610
6883
5826
7105
7870
5406
5869
3436
8578
4712
2699
4016
6540
3790
1069
197
85
9838
6277
1675
2199
9325
2472
9184
3875
78
6296
3074
3304
9708
4565
2908
9085
4194
2749
425
4631
3082
4578
4119
8212
2911
1995
9133
7134
6956
8805
3677
8388
3265
5445
4274
6722
3552
5720
7898
2326
4878
1500
8704
1790
3876
1386
4393
167
2258
9157
5454
1327
903
3284
6182
5605
9725
7635
4414
3029
40
9974
2655
8003
6912
3586
4541
1348
4520
1441
5551
8230
7117
579
5909
712
2786
4611
7272
6608
799
2233
5849
454
8145
4058
2770
5188
1876
2881
3368
2236
1080
7618
285
5324
3764
2390
2927
6275
4412
8385
1979
9879
9112
4627
3688
2858
6539
2446
1427
6570
6078
1768
5939
503
5713
4567
2857
6564
8752
2684
540
7443
657
4018
8747
9663
8584
8712
4024
5083
4186
3683
6015
9330
8877
9252
9543
1626
2217
5237
6545
1952
4785
6140
777
4487
20
4391
4299
8534
2207
6076
4850
1076
8649
7812
4241
6230
8292
8261
947
5969
4941
7179
9816
7803
1362
7024
2690
6984
644
6905
9684
4962
4461
7959
8000
1191
7194
2419
6981
4826
1598
8572
6268
4669
9066
1866
5506
3698
1104
2073
2711
9327
5179
9695
9274
5821
745
1902
204
260
6191
4059
9931
6524
5816
7574
4130
5335
9691
2618
9999
4933
6080
2006
7579
6978
6300
4346
6584
504
6385
2179
7631
3381
7614
2393
982
3984
9063
8631
5519
5317
8970
3803
9935
6406
6413
7965
6478
3081
2457
6813
9623
3936
8881
6672
9078
7733
8396
4214
5708
4895
8048
5057
4963
6425
7495
3220
5580
5758
3355
1365
3285
1582
5392
2423
8627
7755
6594
7070
4951
5141
7342
2958
3034
1504
8887
6701
868
7453
4960
7655
8234
8160
1936
9098
9090
6843
5253
2029
4682
1827
34
6278
7302
1592
1008
9769
3813
2877
5880
7326
975
8283
3394
6399
7073
51
3256
5984
9365
9756
2821
1007
2537
2538
7274
7775
2045
5369
5269
2317
2065
8514
3708
3868
9110
457
4888
3801
6057
3510
9151
1933
4447
5567
6226
1428
6918
6576
925
7469
1600
1059
3159
7054
9521
2793
5214
5559
4301
6269
8475
1147
7774
7834
3449
9651
5727
6800
8463
4086
3210
4010
3694
4946
104
6681
8810
5447
5273
2011
4882
4015
805
4349
5717
1816
8063
8333
3781
5974
9881
3091
9421
6569
8131
9313
4197
7520
1890
793
3071
5240
8431
1299
6227
1489
4075
6213
4403
6218
2971
1407
572
9582
5699
5792
7983
5975
891
5638
3686
8198
3613
1749
8750
3037
9522
3187
7081
7933
7708
55
9189
4804
6555
4532
4881
7622
2570
6047
8868
9837
7284
2387
2249
9287
3923
2447
9061
7980
6477
5130
3141
6070
4066
7477
6224
8293
6128
938
2337
3919
8547
4700
5194
5235
1557
8046
6735
5023
1414
4518
9828
9988
4307
9882
1028
6712
6190
1713
8718
6462
5981
3216
6069
626
2909
2897
1110
3562
8644
6256
851
736
6733
7732
5591
13
1488
8109
4553
1366
7750
5084
4054
2899
5321
4660
2005
1913
1309
1573
6495
8761
8792
6909
2813
6514
9768
2812
3798
4275
1898
7720
1786
9501
9807
340
2732
6150
6095
7873
3369
2579
3853
6325
8464
6280
9294
2869
6265
7594
7320
426
8727
2956
8790
4271
8042
5310
3344
4031
9581
1264
6721
3106
9736
4459
2384
7401
3231
9315
1704
4341
2193
1783
5917
3616
5631
4151
4430
8949
7714
5773
1586
6460
8050
3726
4692
5145
4955
9225
7927
3888
7448
8068
2989
9248
5999
3624
4431
8153
7530
1594
7208
5645
1276
1289
8652
7878
1039
5471
1870
6350
3357
97
7040
5989
1640
8679
7002
7243
3048
8504
9514
2898
92
8229
4209
3054
2868
8541
7293
1009
8117
9004
1980
3548
4187
1198
3325
16
8931
2934
1879
7390
7723
4940
2735
5513
9986
2430
2350
3439
5491
8928
905
6129
3732
5555
7798
9720
9933
2751
4216
9676
4068
6202
9982
8588
7492
4945
9699
3932
1885
3689
4576
1333
8779
2388
3205
1241
3725
5780
8330
1375
9314
5397
6312
1523
9565
114
1187
6386
773
8311
5391
2255
8094
2467
7353
6560
2089
9573
8766
1200
6111
6810
2331
912
8493
4159
5182
8827
6889
5929
6419
2126
1612
9447
2245
5834
1137
1506
9909
4433
5322
8024
107
3542
5352
1991
698
335
6794
739
9703
7889
3645
5892
5860
8294
7801
9594
7192
2713
7455
8336
6308
3713
5158
4191
7446
3806
291
7623
5417
8954
7221
996
3478
88
809
1587
9489
7162
2195
4098
8033
725
8442
9867
1451
3787
6281
7249
9437
7340
6499
9801
8101
5596
5195
2167
5412
2945
1269
1161
1120
2373
7255
9297
605
4331
7541
1656
2431
3427
370
9804
2903
8719
4072
5222
2605
9193
3274
9141
3366
4037
3895
9094
8185
6500
8926
7034
5606
6132
6123
2371
850
6466
6626
2800
7856
8528
5295
9874
8310
8510
2253
8262
5772
6252
4110
3622
6439
853
9526
4207
3286
7352
1077
5876
9101
7789
4901
9003
7276
5243
3051
6494
5641
3956
3162
4206
6010
7407
7151
4351
635
3101
6790
5136
3114
670
8971
9611
159
6508
1567
9228
9568
2516
4515
4584
752
9706
7823
706
7607
1842
4706
9159
3107
4120
2105
6814
2755
1874
4770
3767
4050
6659
6513
3203
9648
5659
2913
9311
6680
3741
7725
7533
4552
2887
2543
7981
3012
2923
9368
4779
9615
5624
6536
9528
5657
3391
1717
2686
5288
1897
9550
1908
1230
8435
5153
4595
2090
8263
8515
1542
7943
8501
1016
2107
5547
5080
3345
9140
6772
7538
8036
6063
3443
8739
7557
412
1075
1370
7643
5823
2137
3251
4727
2399
7917
8457
2426
2620
7835
4522
6965
9396
9806
8056
9102
9569
763
3442
4592
2552
6582
561
6994
5582
924
4884
8347
4416
9911
8486
3636
6655
7160
6821
270
8383
331
364
1258
7425
9737
3453
2275
355
6590
9339
7688
1843
1535
7598
9024
1112
7347
5037
2772
5897
193
1756
1596
2413
5578
3950
965
6361
6259
8632
2955
4620
4485
4173
1683
2036
444
4954
9318
4385
7183
7145
6656
4421
1171
2100
5323
997
9579
3333
9033
7230
8438
5850
6000
7842
7864
136
2400
7876
9755
2647
9122
3376
4033
1440
8511
5443
9276
7161
8674
164
1274
7460
4601
4628
5186
7426
5716
6916
1937
2075
3102
522
3814
2414
6453
1369
3387
1336
6798
4668
3194
6931
4073
887
6238
1263
1998
8914
4728
7564
1138
7214
4829
7851
7891
8238
8264
8967
6298
8922
2498
4193
2389
830
7921
8186
9818
6603
7641
4841
2854
9486
5459
8114
5469
7761
665
1067
693
9939
3857
9036
2448
8124
5514
9087
9829
4273
7290
7175
4617
3180
487
8215
2263
5350
1342
9170
3406
4382
2910
6177
2709
9877
7589
4389
6035
4985
4837
5106
7411
4070
6884
3335
4880
5021
6055
6284
5785
979
6029
7863
8360
9672
973
5724
3263
6767
9853
9405
1097
8232
4920
6958
6130
3306
2131
5771
3167
50
6071
2465
2865
5568
8908
9749
2484
4133
1691
7973
2863
4708
8473
9717
2479
6964
6394
4247
1430
2919
6752
962
6557
4210
189
971
7861
6044
7153
3260
3245
8946
6923
6144
9139
9067
3756
6723
7147
6479
7972
5065
5788
366
9241
1819
10
8356
126
5131
3417
8645
4916
3847
103
7613
4512
5129
5319
6534
4213
9535
9653
8338
980
64
2278
3747
1052
6732
3858
5230
2960
8875
8285
1159
5912
9732
684
607
9757
1295
5779
4413
9010
6303
7599
5510
4566
8004
5911
2591
9165
6424
4924
4973
567
4800
2621
2920
2596
8984
5489
2731
3392
1227
7604
7086
3603
1101
4095
1943
7285
3150
8152
3913
2001
477
5882
5690
7087
4138
3795
1118
8484
7144
7872
481
7197
3028
3455
2509
2743
6661
6158
8940
3064
4638
2900
2116
7698
5941
4111
1066
8142
7051
1855
2042
3734
4818
5026
8051
2150
155
5889
4472
6771
1754
8820
9413
6917
8359
1556
6038
556
897
5227
2623
3507
6154
6023
7930
9997
1261
9259
6863
187
9212
8619
2734
1306
1162
6052
7037
2811
5361
1352
227
7596
7939
3673
845
8171
1462
3448
7295
7438
8002
2871
618
7128
4152
5355
1234
4995
1473
7656
8601
8720
7807
5589
775
519
4594
6742
812
7305
5811
1085
7322
6232
7172
4568
3225
1955
4581
8807
8643
5476
5213
7152
5038
8491
9425
565
2601
6845
8591
6653
3612
6704
654
6866
3604
6240
894
6301
184
5455
1985
2486
2340
8841
3435
7490
7869
2375
8924
5991
9638
8492
5818
6404
6613
18
8067
5985
5107
8997
3833
6779
2168
2650
4927
7949
1822
9042
7791
9291
4892
6621
3179
3910
3326
4107
8665
2750
6985
3799
3531
5488
1360
8893
3096
8768
9450
7999
4486
5291
7788
8214
7323
3985
602
8860
8461
349
5117
1174
1560
4127
3422
1911
9282
9007
2395
6490
597
1208
8321
1478
6393
6841
765
4239
7782
7077
870
1637
9150
3840
1967
1741
4374
7529
6316
2685
4145
8059
5701
194
8902
1192
9056
7590
5046
2346
9915
3186
6879
1088
3465
3073
8028
3139
5776
3341
4900
8855
2056
4342
9794
2518
577
5526
3676
6578
3463
7424
2032
5709
806
4643
9941
1579
3360
2129
5853
9608
4455
3364
8772
2550
2611
9585
2513
7846
7301
2632
439
4759
2525
3440
6948
6612
2548
9240
1308
8794
5921
3336
5754
8095
8455
3623
5804
1167
2490
1973
5590
4919
6376
9609
9563
4847
6815
63
7166
8258
5534
7141
9682
6676
1632
2327
2000
878
5434
4279
2716
9735
9825
5824
3899
738
7367
4170
7368
3176
5978
8309
9363
6885
179
4398
3380
2777
8830
3236
7854
1262
6100
3023
1849
8093
4032
734
8299
8494
3599
1851
9350
4531
6093
9398
9970
9571
5126
6504
3420
8490
6286
2636
7122
5557
3372
1671
1409
7652
5325
5435
8835
4664
2649
961
3909
30
1054
819
8734
4083
9846
4527
4184
5030
889
9026
1443
7661
3207
5525
8112
1993
5536
8014
3837
746
9154
247
7335
3639
7726
6279
8035
9993
9219
5155
3031
3773
1761
6332
5189
3878
1391
7821
6249
1292
8571
7624
1762
6694
4865
7248
7478
9496
2181
8681
9209
4375
5563
9378
9981
3530
1425
7336
6245
9238
7149
529
4822
7879
7687
1634
1492
5339
865
7551
386
8348
4667
7771
3385
6115
4632
3811
9570
6687
8291
443
9739
6867
9346
185
7584
3920
2067
557
6355
6546
5294
4177
5592
8848
2614
7908
2681
614
9759
5745
3730
6745
5497
1389
2536
5594
2096
8773
7913
4792
7388
8861
5242
7065
3430
9540
6593
2022
7439
5160
496
2626
3535
6260
2561
4442
2500
4434
5633
7963
4408
7297
4820
9743
3641
7739
4574
1584
3209
3793
8966
5700
1869
6880
6012
4057
4182
7050
7828
5285
2504
7697
2617
3215
8519
5133
548
5874
6677
1130
1046
6592
5067
2201
8458
1048
1385
1006
268
4370
6581
5647
5433
8343
7010
9656
7475
7225
5460
8811
8420
485
1502
2417
7413
4121
165
3685
7713
9754
119
6906
7977
6468
1151
807
1064
5209
9043
710
5976
7711
3566
5359
1335
5236
1724
8221
5809
8836
1847
9865
4166
8026
4650
5432
1767
5731
6200
1493
3504
4396
1803
7781
8476
7645
5094
6239
7924
351
1240
5318
243
3546
823
6648
3305
2809
5914
2748
1282
2541
1275
8274
7559
861
4742
3964
483
776
4780
174
1063
2988
5224
4002
8746
238
6861
9894
616
8325
4767
1303
4497
3349
2363
7748
908
2434
9673
213
5192
2884
1846
5543
2091
5264
1904
2027
967
3894
636
9762
6367
9597
9866
2246
6018
872
9675
1256
6973
7860
1149
4753
5244
4225
262
5093
5056
9572
6908
3321
2025
2296
6748
9422
3143
402
1396
8930
3445
3397
9852
250
196
3113
2435
3653
9051
2117
5041
7662
7210
6868
6776
4253
4146
625
5669
869
648
7304
8981
2804
2242
5190
9018
8062
7483
6927
350
8530
7633
229
1223
3862
3118
7785
5858
7361
1665
5711
7334
1625
5602
8312
9105
8173
2997
4684
7011
3881
6137
6724
3072
8822
5888
4260
3498
3318
1575
4456
7885
6263
8740
7454
4775
3751
9507
7769
5810
9922
4816
7995
7871
6808
8976
3563
802
1608
818
3414
3481
9813
5587
950
8634
1183
9181
8049
1188
1481
890
9298
5388
2531
6974
7507
8842
8907
5877
800
2433
8487
2675
9106
6450
5827
7852
2798
2306
4852
9577
8256
9006
1554
4019
6512
5970
6271
619
6221
832
1686
6951
6711
547
5800
8838
3907
7173
484
9713
1290
5918
5790
7809
5695
3228
3410
8655
3804
2505
8044
4088
8806
622
4180
4281
3598
4000
3699
1666
4590
1891
2177
8379
8253
9880
4268
3396
6444
1707
7575
4621
4481
8708
5617
3874
4546
5329
4735
3537
4693
8713
6167
4937
1224
5382
5737
7745
5448
1734
2047
8944
2783
5229
546
3008
1888
9338
4488
8474
3175
7275
9356
5878
6683
3628
1436
6529
320
4710
4339
2896
9666
5837
371
6236
319
3221
8801
8783
8787
5368
8672
4153
382
1379
6961
5995
9443
4340
4502
302
3149
2485
3217
9635
9232
9383
9891
6551
8973
6107
9595
112
573
2128
1996
2309
1155
744
6877
6326
3243
1013
4686
6789
4344
3267
8610
6674
6957
9468
6028
1857
3416
8450
5490
9124
7887
9131
9650
4801
9745
6725
6484
960
4171
8194
6787
6856
4240
952
7096
3594
470
5360
2995
1703
6511
766
2341
9113
3426
2740
4536
8852
1228
1629
6195
101
3
7218
1286
6389
4232
3319
4169
5143
1524
8548
5765
2765
5697
6143
8452
7273
5313
3755
5404
5431
2829
1459
2311
4367
9539
8522
5728
4323
3035
3607
7649
1711
3320
415
9155
9469
4409
6993
2814
7154
6503
7252
5029
6793
9840
6474
5265
7100
6947
3295
7569
747
8480
6157
3959
1298
1026
9172
1928
1083
7423
7950
4319
9634
2695
9626
2790
3550
9628
9849
205
2532
8060
7969
3896
2895
8337
5043
4781
6709
2924
1740
5425
4588
5565
4132
4998
2357
9961
5692
492
5505
9031
3283
3682
7882
4967
3596
296
3119
4470
4328
8516
5385
6697
7964
4965
3108
7840
2585
3384
3473
4922
4356
3196
1265
2937
9875
574
8538
8222
1695
8472
6192
7417
3615
7103
4230
2609
8975
6934
4147
6051
3323
5496
2967
8104
5550
8920
6375
2314
282
1771
8425
4914
6543
4236
5200
9538
3733
6241
1526
570
8374
7165
2797
575
423
4231
6152
7699
1190
9553
9827
385
1568
954
5982
8560
7022
5380
554
7372
1004
5114
8742
4917
4974
9029
6601
7526
9008
6162
244
8867
4862
7542
8675
8659
972
8865
7504
3127
2729
1540
9938
9618
4547
4491
1945
6718
2069
8447
9130
2549
977
5851
9763
5576
5487
1412
3486
2139
9481
9403
1861
5181
6854
2580
1793
7363
5916
8085
4972
5786
8585
4582
4034
3925
7862
6949
9253
2950
4833
2700
9332
8007
2008
4783
3762
388
5698
2256
5648
4212
7431
7657
642
7741
6285
3722
7760
2599
5623
7042
4915
7838
7139
2162
984
6007
974
1273
2584
8305
7303
7391
512
4164
580
9097
7810
2437
2216
3516
7235
3946
4449
2080
2547
1403
8178
8958
9733
606
6762
3971
2012
7783
5839
5225
6255
1142
4022
8850
676
5086
936
9545
1380
9322
5375
1659
2637
2083
8165
6039
1381
8123
5761
3841
7238
3568
4495
4953
1193
3053
3079
9741
613
5148
8782
3062
2948
2851
3342
8539
1742
8352
2612
598
9459
5988
2728
2409
543
1539
7471
5079
3695
4834
9511
3197
9227
7406
5756
8100
8213
7858
2082
4836
8444
9729
8092
8076
72
1844
8611
3976
321
14
4228
3845
7371
1065
1809
5879
9924
3174
248
8278
449
1470
4864
1482
697
6635
4762
8001
7666
5124
171
2169
9286
7900
8763
8977
3851
8535
6911
5971
6537
1878
9246
6435
5437
4063
108
6322
8775
3043
669
1331
6962
5034
2302
5472
4943
5664
5806
3512
7942
9317
5862
638
5424
6077
4112
9306
3945
7961
6855
5896
7808
2663
4282
1214
1975
5612
6196
252
3963
8637
3807
1987
5840
2019
4475
8432
3482
8994
3577
3736
5549
7080
7738
3219
311
4277
9814
5040
949
9751
8911
6408
6710
8710
4679
2076
1084
8034
9548
2837
5169
9308
3026
2132
6643
3058
6937
1144
9950
232
6448
7331
5393
6098
2118
8143
7976
5962
7730
6199
4768
4137
5654
2122
7324
9487
7123
3359
2820
896
9249
893
3777
8723
367
5156
6755
797
624
486
6496
5610
3656
3929
9494
246
1087
8454
8166
1196
266
3838
1960
6292
9803
9897
9798
1515
258
1745
3030
411
3255
8833
2379
3750
4683
9117
4949
3184
8513
1487
6919
5940
8856
4619
7681
7415
8983
5246
237
1799
4483
3434
1788
4102
7543
6203
4468
4283
9984
4473
7228
1694
424
7345
7467
5508
152
3198
1176
5035
6954
1531
3687
5533
7660
6258
2166
6193
7762
5864
7111
1733
5390
7905
4255
523
8105
948
8176
3970
7025
1638
9108
3788
9064
5537
1611
875
2553
9859
8999
6914
2055
6141
9360
8174
488
743
5734
8386
25
6882
6441
4653
6526
8296
6351
1760
7886
6194
7895
6347
7944
7462
1213
2141
5561
2304
959
9784
842
5922
4049
4722
5848
6999
4605
7918
5138
2186
9410
5611
4276
603
5090
3121
4786
8437
3679
1555
43
7169
1074
6251
701
8698
5492
1677
9485
5346
3409
9120
3709
8106
7527
4379
4383
8313
7928
9747
6561
7875
127
8989
5955
8774
475
588
8340
2702
6420
233
7945
6171
3112
1102
1194
2745
2560
3617
1738
7237
4466
7491
2760
3462
1814
9778
5134
2222
5663
1426
8481
6176
3116
4224
8497
9269
8587
5501
8122
8025
4513
6574
3262
3992
5351
7593
7754
8116
9175
9780
9103
3702
6498
2281
2483
1001
4290
6410
4336
988
1455
9664
5920
3472
408
5075
5715
2723
9296
7170
1692
5757
9575
9221
3429
5934
7740
4354
4903
2110
7313
930
6324
8266
4510
6831
5502
1434
7531
5957
9142
7306
8932
906
1562
3282
7519
8800
5031
3821
7829
9516
280
7479
9292
3693
3036
4997
3056
6183
6547
4659
9391
2474
8593
3109
1649
9714
9419
3438
3850
652
8755
6053
7400
7325
6888
1576
2880
5274
867
3441
8575
1503
9953
4720
3240
8781
1603
2902
3484
7937
9207
6737
6170
1448
539
4160
8183
4602
3000
9898
1222
7907
7817
5868
9823
2299
6388
5252
1324
98
7109
1889
5990
4181
3835
2608
6309
8130
3551
7822
1968
594
2677
6943
3818
2454
4001
555
2203
6983
6288
3148
4606
4392
3494
8864
8341
8456
3063
2381
6932
3994
6104
5736
4891
2023
61
3279
2
5170
2714
1894
4969
109
1040
3269
1185
4860
3025
8247
1516
5748
9797
2002
8942
3961
3020
7512
7387
3266
7511
5566
7032
7563
153
5759
7832
8849
5066
7704
5474
9678
6811
418
9344
3701
1927
9414
7399
7376
31
4304
5278
4705
8668
7095
8814
1340
7205
8529
6640
1322
6114
2986
978
711
6443
4055
2562
5744
920
5348
7506
1050
2130
4907
7299
1751
4670
7693
3810
2188
2801
658
6090
4156
8995
3729
6859
8402
5986
2300
5927
3589
6330
7735
976
2464
8169
1728
58
9388
1237
2127
6348
8603
8265
93
7797
9470
5899
2021
2344
3275
203
7890
592
4840
5683
4929
6198
3500
6267
94
9752
5721
3727
3997
1288
9245
5778
3375
6689
4492
7558
1195
9455
3982
9599
3576
1772
3889
8281
7700
1572
4221
4732
8413
4007
9694
3859
9876
6062
5362
8936
3411
7731
9781
507
2680
5400
1496
7919
310
8808
356
143
3761
2463
21
1667
1129
253
9863
6169
6548
1796
2572
7036
5452
9949
8200
3842
2674
520
9758
942
1475
1858
2214
8878
5304
5656
5261
3136
5997
1339
8439
1431
754
6225
5128
4894
8898
8459
2545
1435
2642
4533
8658
6895
2802
6457
8786
5191
5747
7269
3558
5910
7489
4823
4723
1959
8903
9009
3969
5813
1468
5386
1139
1660
392
9457
315
6873
3887
4350
8344
7097
4122
410
1244
9357
8167
7923
3408
8426
679
3433
1483
6223
3001
9775
8286
7167
9674
1424
9952
9792
4745
6940
6816
5226
6022
3055
985
4109
8925
5125
9206
7199
9513
5356
9000
6622
6037
3324
5150
6116
12
902
7291
8798
102
6059
7560
713
362
7910
9519
8339
170
6321
5320
4039
5963
1702
3534
8682
7979
4556
4687
2727
2546
3759
4402
2283
4424
8384
7868
7287
3177
3052
387
8138
7722
678
9044
5070
9512
2225
7825
1270
4294
5251
3942
7078
6364
8103
1318
6178
1231
7767
8919
2523
2662
1931
7085
7380
1043
5875
8769
6587
9914
5336
2356
2968
2206
9767
9833
8874
7935
8749
2478
7265
586
7567
7737
4386
9612
4782
737
5122
4296
2739
1157
4737
6362
2905
2725
668
2155
4851
7989
403
3027
182
7185
2875
4330
3561
5726
3768
506
7196
1997
7442
7038
5165
1249
8462
4203
3049
8570
9463
5077
1329
9530
3834
5011
199
1624
8206
420
1817
2291
8518
9321
8115
4635
220
7553
943
8304
5004
7545
8083
5977
5147
2453
2607
9166
1099
4263
3346
5152
303
6016
9647
6996
9194
5960
5887
8013
8762
4463
7465
8959
5327
3181
5162
9430
2487
1271
4258
6768
6486
1387
5637
399
5993
7521
2936
7793
5670
1047
8592
1032
2173
888
6669
4453
405
1736
6096
1574
1334
990
466
2616
4223
3947
9641
8443
8086
4313
6891
6119
3287
7960
8957
8099
3513
1383
3123
6185
3272
6304
6391
8845
5201
7587
1729
4835
9718
2577
5387
6690
1111
1759
4579
3374
6726
6616
3088
5112
4603
3567
1146
3314
215
2703
6979
5947
7018
7266
1527
6995
9502
7749
8962
8606
8182
8857
221
1255
6282
2148
9095
1609
3120
7308
7539
8582
458
8011
346
6454
5353
1100
1623
8470
6088
4921
2843
6893
4696
7947
3485
785
2212
7447
1807
2182
5854
8526
7071
9990
1550
8851
3927
1201
7819
3421
6944
3222
4589
6377
9905
6736
1907
6206
9307
3115
9764
2511
9978
7016
22
5486
892
9428
7611
5750
3239
8257
6431
8711
7366
1003
1019
8728
2704
5553
3870
1912
4085
4467
223
9642
7899
4803
7374
9310
8558
5552
8192
527
4219
874
6175
9681
8427
2993
2244
3926
5289
436
5427
3540
8748
5763
6173
8209
2855
8148
1962
8488
7706
8953
7626
8986
8509
7759
6757
74
9885
761
5052
3769
6658
6101
5542
1217
7314
5830
3281
2172
6700
4795
5599
4499
2018
2197
9071
3002
3293
6775
9805
1673
32
6407
2606
4422
4936
9658
8664
3078
6215
69
8545
2906
792
2885
6869
67
2915
7329
1491
5953
2074
4571
5649
3772
2044
4843
3915
9460
5890
8224
6678
1456
6693
277
6980
4479
24
3223
1121
8765
5844
354
6645
9817
4905
86
9896
7195
4505
9554
8223
9014
6988
283
6299
5223
4702
8499
2819
2480
6654
3661
4377
2491
6319
5215
3545
4494
3625
8858
9772
4135
3200
5207
970
1202
824
2280
2870
9622
1216
6746
183
5479
8393
3495
2862
1719
3711
8107
273
8189
5725
8985
9107
4087
914
7818
3393
8089
4163
4235
4730
9041
9393
5741
1168
1438
2339
7600
4162
7481
4593
8005
8573
1669
8624
5545
8937
4237
7780
2508
9614
3869
8546
2277
9560
7337
2408
9639
1297
8284
1661
6317
8733
5688
8612
3161
3664
9977
4554
7839
1621
8331
1411
4928
1644
7389
6822
7669
5678
6589
8471
7549
8375
5903
1108
4637
8302
9697
9309
5068
5915
8469
3848
2719
2316
7419
1109
8098
9506
2471
4199
9831
3517
278
463
8895
1521
6109
345
307
186
7776
6741
9621
9474
9613
5560
6208
2257
4814
5439
2952
6220
261
7546
373
6472
8207
3918
3580
2666
175
6161
3395
5753
8789
7509
2856
9303
1614
3902
3157
2297
8091
7209
9214
2959
6358
6264
469
4713
5347
9295
7929
1461
2981
5053
5603
8686
7328
4999
3775
9114
6487
348
6048
2352
3276
883
6727
1128
100
9556
5395
8399
9491
1511
8691
4636
4242
3935
2374
230
5520
7636
8495
4329
7028
4724
9619
5707
4750
2970
6530
3668
4048
1652
8233
6329
9164
4252
9995
4788
7203
7098
7577
1627
7911
8599
3571
4542
8390
8617
1499
7007
8363
6400
4390
3861
3940
9367
4739
1848
4067
966
3662
5949
2661
3667
9070
225
9060
2590
1604
2635
1964
8915
9374
9202
4154
332
9059
8404
7164
5168
9786
7312
4747
7588
1992
3230
5073
1551
8503
2944
7348
7184
4404
9498
3299
2305
3310
2953
3621
2353
7684
5556
1893
7217
7171
8241
1189
8320
748
9870
3476
6197
4482
634
2949
4609
7956
6320
9956
5495
564
4320
5376
9185
6679
2991
172
2121
1359
2369
8314
1103
2879
7239
9839
1618
6333
6559
5370
855
1986
663
1655
8705
1116
9362
4909
4020
2624
9776
7743
1140
2310
202
8843
4557
4564
9740
3131
5442
6897
1225
3828
8700
7985
3883
2190
1722
7003
9727
5676
9820
7041
2894
1593
5371
5820
7502
6336
2533
7627
9731
8597
5764
718
6595
1382
5095
9434
2250
113
313
5116
741
7206
7778
8948
3905
6785
7608
3646
7180
6698
1553
6108
3573
5204
6257
1792
3280
9138
3147
4646
1182
4799
4308
7845
935
9799
468
9069
7496
4896
121
1766
4981
2064
7379
2928
3829
5118
4116
4038
9964
7360
4229
1373
9633
6541
9479
9394
1314
1495
687
2289
1408
1363
4096
4947
525
500
8803
1650
2149
5058
6445
8132
6352
8369
451
6791
5894
5033
582
4380
276
8980
5738
1518
1653
8961
6907
5312
5925
263
7848
945
2977
7311
5307
1429
4639
2840
5177
9842
1951
6214
9436
9499
5996
8904
3832
1152
8846
3583
4701
7316
8596
8993
2907
9125
3044
5950
4366
4474
9235
6331
6086
1559
5673
9625
3555
3872
5841
9109
4457
4334
6293
430
6516
4411
1092
834
5127
5682
3129
3469
6438
6826
2527
3864
6266
272
8391
1930
6577
7398
1501
6335
7464
9461
8616
2334
6061
9451
5159
1300
4381
9555
3021
2445
535
2235
8135
6127
6327
6510
2698
2200
7716
2861
308
1578
753
9598
7099
6017
5480
664
7020
3303
9353
4509
2841
7215
7251
2544
3731
649
6605
8640
1520
7909
7847
3246
1873
5807
6481
173
7880
2368
2391
8598
4202
3261
9347
583
3289
4598
7182
5885
1350
3353
7668
4677
6113
791
1115
6544
6313
4691
4751
353
885
534
2062
9631
2087
5872
700
3454
5408
620
1368
4613
9721
7568
516
474
3629
3313
7881
5078
728
9696
9850
7204
4772
1419
7742
8563
7689
1966
6387
1903
9093
2628
448
5085
5926
7270
5791
5123
721
2803
325
2581
5653
9916
9389
2578
137
4250
1739
3541
4519
1934
4436
7091
6553
5019
6699
8415
6823
6637
1999
848
1787
7686
3013
6942
3334
4168
4535
2218
8500
7850
8353
3626
9996
6705
8306
5512
2361
4179
2892
2229
9186
8894
9432
9668
9670
46
5337
5032
9574
6414
3300
1924
2766
7988
3328
1205
3011
4438
5609
1012
3244
5597
9948
683
2351
9492
1541
2764
5233
1513
9370
4662
716
1165
6248
8096
6796
3206
1355
5584
3957
6034
4205
5025
5039
3792
7058
8366
6986
4452
9258
2730
5967
5900
1432
3144
1127
5087
533
8972
8070
3009
1337
7200
7327
6663
4045
1853
9958
1105
4665
7524
3468
305
4561
3771
6668
2079
4549
1642
558
6422
6618
6575
3188
2449
1860
8328
9030
2542
9942
6337
6946
1221
4289
4076
7843
8685
4790
2557
643
4932
5140
6311
6247
6627
5049
8202
5441
9123
7253
8318
8219
1199
2144
7562
2211
2051
9208
5149
9239
2140
1267
162
1941
6751
2816
6647
8372
1053
8600
9143
6106
6031
5271
2825
7131
9178
8662
4471
9375
6291
3525
8743
5913
2529
8479
5383
5405
8300
8988
8317
7642
5516
585
493
9250
3042
1514
6079
5749
8564
1705
6825
9201
3893
8009
5760
886
6451
3204
3474
2534
9645
2873
4293
3815
6369
6924
2530
9907
6430
1017
774
2176
5518
3967
1463
9826
2984
3050
1534
1062
7341
178
6970
5500
5231
3459
852
3103
2961
1023
3208
84
9690
4563
323
7676
7127
288
6832
6827
4149
4227
254
9857
5919
7432
714
7582
7941
8414
9039
4824
6068
7958
6497
858
4658
696
2600
6359
5932
1613
4373
1437
2823
2712
7517
9285
7094
4035
1981
363
3690
633
5808
2741
3093
7753
1899
6289
4432
6135
5677
1569
1164
1918
8813
7931
9830
8260
1150
7629
3090
5119
1439
9147
4477
8376
4338
1045
3739
5583
9923
6744
4524
8979
5838
2849
2643
6650
2290
2904
7090
3033
28
8151
1865
6624
210
9965
4808
9092
4615
4983
446
884
478
9229
7319
7709
4493
9216
2052
3069
6531
5045
6929
3164
4931
7765
7514
4267
1797
3752
6519
2432
5022
6005
2972
8896
7318
1791
5477
4623
3933
5309
5027
7277
9371
1081
441
4150
1919
6244
9284
5
2292
4842
9088
5008
2872
2648
2030
9068
6777
8355
5279
3428
1710
6469
234
2230
3886
2031
8460
1826
148
8349
3501
9264
1471
7630
6588
769
9766
764
2209
2654
8039
6346
1909
8134
9177
2517
1785
2458
9832
2718
2838
4744
9299
8177
6426
3496
339
8255
2746
5334
442
6
343
3362
9115
1958
827
9196
8900
1896
781
4993
1753
2342
1367
3277
578
3975
7461
637
7466
7672
9746
7108
1301
8562
9908
4321
726
8536
6009
2038
3549
2556
5935
7831
7242
8210
7632
7212
8201
9901
8410
3877
9483
7827
8912
5739
7088
2240
66
9652
7982
4657
7468
4078
2362
4875
8377
2295
5801
9190
2791
6774
2966
6930
6734
316
7359
7710
9467
134
2324
9991
5802
771
8401
2241
2571
7021
9912
7072
831
9401
2651
2774
3873
7954
116
5018
5082
2787
9819
7254
4387
3100
8465
3765
4971
8876
5873
9802
4559
6447
5485
784
7974
6764
2367
147
5775
1180
7066
8407
987
3714
3753
1186
4406
7751
7216
2964
9023
4748
9224
1538
9153
2503
6558
3965
2272
6459
5685
5966
9215
9945
3309
8795
4980
3467
5203
132
8524
7107
717
4445
8532
44
9305
1061
6036
3743
2294
3912
8602
8741
6517
6342
2366
4101
8815
9789
3227
3095
2656
3264
3087
3890
5814
6566
2102
2054
7674
7278
5928
4987
3330
8334
4886
7283
6805
5931
8965
8128
627
4353
7747
615
4192
7523
7565
2756
1517
7703
9180
1421
7451
6707
3666
4303
1674
6828
4395
7602
5871
2594
5174
4460
7915
9589
3017
2996
2914
5843
1354
8
8638
9341
461
8556
2528
231
3040
9255
9171
8295
8436
4830
8204
6401
6651
4711
4976
95
7682
4831
4134
3854
8015
673
4699
9636
9082
3004
6004
6870
7110
2999
4769
5933
6812
6688
4496
8184
2566
1316
7486
817
5473
218
3278
6997
6146
5857
7712
9077
7125
1134
2015
3117
4441
3630
4856
2303
4645
3332
2318
1374
4721
2114
8651
1679
9646
3885
2261
5884
5722
6998
9578
9119
1450
6338
822
1737
6729
1002
4897
2667
783
479
8832
3826
2973
5660
1965
9800
6597
5906
1536
6819
8506
2119
5468
3169
8714
6865
2738
704
2264
1947
6091
8027
1750
4982
526
8188
5766
6781
5219
6795
8187
4426
9324
5923
7581
7232
8909
7309
5856
3257
8666
7501
398
5311
5299
3865
2629
376
610
1921
2017
8889
3547
6505
2347
5742
2003
7386
1990
9835
2954
1145
1697
6085
3258
8077
3983
5342
4991
6586
1287
3407
1056
849
8935
133
4172
2489
8483
4526
7777
9561
8735
267
217
8823
6126
7896
8680
1079
176
6615
2383
7556
1565
1963
5105
7000
5430
3518
352
1552
2439
5429
9304
6639
6344
6518
427
3247
8648
3593
9722
3674
5115
9050
7966
1935
6421
2039
9788
2165
835
9968
432
3988
2041
3634
1024
1696
9785
8326
2890
688
8129
4698
8453
4749
8421
9198
259
2202
7746
8921
2254
5254
3760
6046
9083
6374
453
3233
3311
7136
9889
2564
2313
7572
6708
275
9557
9386
8418
6461
5574
1091
9929
7
9158
5003
7146
4011
9549
5494
2693
240
4661
4314
3451
334
8653
1672
5585
7677
5144
1229
9580
9527
5662
3556
9480
837
406
2615
814
6097
4885
9669
2828
4051
1994
1872
1545
731
3124
2672
7035
3356
8635
8387
52
8829
7027
4671
4103
8417
3158
946
3015
7362
5924
6237
1123
5632
3155
2883
7705
647
9596
1519
6014
5687
3591
1765
4249
8839
9770
9836
2013
7012
682
7045
8764
7571
5098
918
4480
1764
5428
5805
6641
5852
2482
951
65
1406
7229
6960
7414
5930
730
9441
4262
2946
2622
8156
1949
640
7074
2619
1508
524
330
9534
1925
518
6133
9418
146
7925
3431
4970
6502
7222
9048
9183
5097
6833
6433
6081
6274
7659
7187
9620
7516
4365
3178
90
4912
344
5183
5292
7014
8040
4100
7595
9420
8770
5314
8362
4950
4624
9815
3717
5908
4726
5973
3836
6145
6809
6373
8237
2780
5629
5444
1068
6417
6935
7267
5357
3943
7250
3948
309
1635
659
3489
7883
7294
1752
3979
7952
5732
3527
8023
1746
2358
8235
6788
1747
6302
431
4741
1769
8883
9019
4
9176
8307
1794
190
5604
2771
7763
1748
8502
3627
3707
8621
5478
5535
1532
9049
2975
4157
8929
338
3297
8759
9015
7377
6434
6786
1922
5979
2014
8029
8163
3111
2990
459
6886
9677
135
19
7658
6740
840
7315
1840
5060
4030
4736
9408
5674
5262
6452
8125
1839
129
1197
6233
6409
2443
3774
5616
7300
6598
7068
6040
7257
5000
2710
2293
7884
5521
6380
8670
1558
3089
2832
7552
7756
9144
5399
1401
3014
9038
2260
6716
5945
6673
6532
3201
9985
4530
8641
6446
8199
9726
2328
9300
1732
8694
8422
357
6172
6138
7892
675
8127
4644
2228
6180
5680
5305
3370
5110
212
9081
6666
5440
9503
8724
9427
3317
4026
3130
9040
118
4226
4376
4254
3648
9387
9243
2063
958
6013
9290
1042
5062
4372
9495
2492
3954
38
7816
1353
3684
3827
3880
3447
9316
5507
3924
762
1906
9261
8146
6083
6761
8268
9257
7727
4415
9962
2101
5719
9994
815
3700
6287
3400
6900
2660
3470
8687
4027
3404
6675
7573
8676
2315
6032
5774
3657
7186
7510
5783
2386
5532
2633
6403
7392
5796
8136
9199
494
6963
6381
7621
4347
4537
1721
4269
36
9075
2652
2142
9834
4774
2016
661
8828
9446
9518
1030
7855
7833
2099
5338
5297
4266
9661
6894
5221
3665
3914
9453
2669
6738
6778
900
4004
1698
180
284
3418
1982
433
8225
1465
489
8155
9662
4251
5016
45
2394
6476
1131
9812
3067
1014
1651
8446
8671
7463
3354
3142
4316
8243
994
8316
99
3800
2631
9782
7404
2160
9226
8788
6760
7383
6049
298
2349
4105
4957
2403
1881
4858
5074
2918
5175
7113
1170
7261
3991
6959
2715
7375
6953
4082
6064
6644
513
2976
192
9358
7412
2322
6084
9796
9074
8010
740
8065
9402
8423
9601
8445
2876
4992
3990
662
9431
7349
5255
9230
7436
6159
6392
6283
1000
1818
9188
877
7445
2157
71
5793
7159
6365
5936
3582
4794
2418
8622
4021
671
542
6596
4211
2267
1757
5120
6936
8041
8725
139
3705
188
5564
9976
5059
3506
8149
2941
9329
60
4222
787
2721
2834
5994
3183
5377
2223
5621
8381
8537
9547
6066
5586
3446
5101
8886
5232
8525
8840
3659
1684
8623
2192
2785
9135
9404
9423
6857
3652
841
6753
7625
2072
1643
790
29
6580
8551
5898
2288
2452
9005
7064
3782
1641
460
9116
2360
9685
4284
9504
2282
1397
7794
7429
7427
7211
5691
7402
6848
3539
8716
7940
5799
9728
2496
2781
3241
2392
2520
1474
4012
3378
7106
7449
9951
6871
3041
6276
3351
6318
6910
7118
3822
5465
6011
630
6155
5328
7280
389
8853
4244
8365
2697
2625
1469
4428
3214
6860
6876
3681
3343
7975
7396
1589
7339
4868
2641
7063
6465
1731
1093
7137
9847
2602
6990
5579
1688
3419
2852
7984
9478
9607
1126
2593
5493
2994
1693
4543
438
23
6163
932
4523
3578
3928
1347
3402
7991
8550
3805
9342
7734
3238
5345
6835
5300
6987
3931
4771
3655
5081
5015
2507
80
9352
8279
5952
4810
9520
794
6412
4558
5475
9886
9688
4874
3892
4855
6102
7897
629
8440
53
6743
9700
397
1420
8038
1252
4040
4143
8834
7874
9233
1021
9604
1156
6715
115
6235
3138
1055
1341
733
7948
3608
538
5992
3066
41
9878
707
8231
5710
4364
3084
5354
6773
2411
9127
4238
8628
7701
2134
9895
9490
4444
941
5381
7060
1357
6686
6455
3412
4464
7317
608
1616
1678
9971
149
1510
4369
4583
3825
8074
8275
9659
318
9692
2348
2882
4764
337
8897
8780
422
2912
7591
7268
287
4161
847
3137
5956
5132
550
9104
2776
3738
3039
7189
5449
6890
9862
5627
9320
8933
3742
7006
4877
1617
6756
1926
4672
545
8542
1525
9200
7814
7679
995
6290
4879
4616
2512
9195
9035
1446
9220
6122
3611
374
4401
5787
8097
3986
5901
9406
8577
6904
4807
8482
3949
2515
4462
1135
4104
5777
7951
880
1148
8796
8270
5185
5349
1113
723
3170
6383
7799
9426
6864
5196
3579
2497
6305
1283
4618
9037
6824
7176
326
1384
1392
6614
9002
8218
7528
2438
9456
9279
7190
7156
2947
4126
208
9217
9234
5151
8978
4115
751
9723
306
9205
245
4591
694
4656
2170
2268
9156
1280
327
5517
4046
4335
8006
1901
1530
9223
9705
2372
2174
3307
7343
2569
7224
3802
1313
3536
9509
265
1983
6246
9395
7332
3820
2939
5180
1015
7968
2410
256
8322
124
6604
1561
4889
7484
3302
6082
3605
9890
7157
9887
3696
1570
228
2359
7906
5705
9904
1181
5980
82
2156
2779
4676
8618
6340
6402
7089
9791
9869
7488
2050
8252
1895
6449
8058
5712
9738
5212
4733
9369
5630
4399
7990
1789
3784
5415
1544
4200
7009
2034
1049
563
9704
145
4948
4148
8825
6056
4956
3413
929
249
1601
1984
8684
9062
1774
8683
923
5782
6806
7513
9629
8082
5762
3192
3134
2658
4766
1479
4977
7188
8555
211
3526
3691
915
5061
6092
5893
1086
9167
4516
6416
8882
2792
8195
6977
3373
1422
7330
8677
6556
7790
3819
5667
9947
8859
4140
106
7281
7458
9927
8398
1418
6110
4540
5072
2204
7901
8816
7393
437
2262
2285
1215
1442
499
2215
7138
7256
2466
4394
1639
1158
8242
5249
435
3232
8409
6749
8273
1948
9730
4139
6652
7601
6363
3059
9277
4469
5238
7472
8797
8227
3270
541
8871
2705
377
601
1942
8190
7675
4815
6024
8809
863
8276
5946
6366
7849
8594
1845
1706
8017
6858
2057
4062
2742
617
3003
4688
471
3565
6969
7639
530
3554
7046
4754
8784
919
4854
4175
9954
8020
4716
3937
3720
9210
2806
9989
4529
7061
7894
7836
3989
6887
599
8197
816
8552
9149
8416
7867
1376
7768
447
3234
5951
8228
1078
1585
5694
4300
8139
304
4360
7023
2338
419
3903
3477
1778
8248
1512
4861
7298
7346
7540
6538
1852
3145
899
7124
2519
4498
7844
2355
3544
1507
7351
3744
6803
9013
9680
9944
5419
391
1238
1393
5414
3047
8650
4189
4195
2377
7772
1325
336
4918
495
3660
6396
7837
8332
5846
4695
236
703
5651
6136
8303
2124
9
8205
5263
1246
6075
9843
8159
3606
6838
811
2284
456
5620
6464
9793
7554
4201
5421
9288
434
2406
123
6310
5137
1323
5220
5331
989
7800
1712
3019
160
6470
9089
480
9917
7536
9809
1060
1505
295
2271
2123
9920
5028
9959
7667
8899
8319
2807
8057
6521
5024
991
3522
7718
9531
3921
4528
3509
5635
8181
4626
6294
7638
604
1452
4089
9600
3211
2151
120
9667
9161
2940
4608
928
39
2916
4870
5457
6991
1400
8240
2035
369
9065
4333
1867
5665
3642
953
9848
1633
4065
8890
2926
2796
5595
7678
8397
1257
1636
7056
2645
9218
6006
6847
9011
9336
1072
1877
9289
8271
8737
4740
4198
2893
2687
3776
1094
2113
6874
5436
1096
1361
9584
7992
2673
1588
1247
4827
1358
3521
5208
2398
7826
7069
5842
6638
1863
7181
6770
7191
3165
1220
2668
1886
7967
9236
4327
7236
8335
4204
6920
8071
5965
2744
2085
1477
1630
242
8361
9918
3898
2026
1466
4246
7615
1038
3367
2891
2794
6939
4359
5652
110
2308
5461
8368
8844
968
8102
6840
7532
181
7435
9624
2007
264
2266
4053
1284
9145
5167
7405
2191
993
1315
3182
8137
9047
2830
1233
4437
9231
7382
9364
5326
6231
3110
5835
293
4440
8581
9334
6837
8540
3388
623
9906
1460
1332
1687
4729
2220
7637
7787
8745
257
8170
6384
3423
3724
1631
1775
1372
3952
300
8767
2576
347
375
290
8078
464
5378
3358
1956
1953
514
3122
9707
1920
9254
9260
7043
1260
879
7779
7764
8647
5277
3132
3638
4326
2385
1125
646
2234
128
6719
9197
5794
3271
6629
969
5063
1253
1882
35
328
5446
8527
7922
1035
1405
5245
6550
5358
2004
9771
6428
4521
4005
2847
4789
3572
156
1250
1464
3523
7576
9055
8419
1445
2559
7220
1402
8549
201
3570
5047
6799
7119
1781
70
3934
8678
2066
1132
4821
1212
6147
4090
9380
3456
7076
2965
3086
6105
9590
4798
8018
9943
4802
1700
6272
6782
9679
286
3609
821
6968
6802
9179
7903
8821
1399
5613
5420
7671
4425
3796
8646
4680
2706
7262
2982
8669
2180
1293
992
686
2815
5672
549
7450
2287
6549
6765
1005
1777
1676
3475
3789
3080
4311
1795
1494
1169
7893
8287
3823
9099
596
3640
3797
8862
5330
1206
3715
2696
166
6600
7717
921
5870
9440
3189
8451
917
380
7333
677
7093
955
3104
6665
3403
9855
8604
2427
9331
9777
8012
3633
8717
8150
4064
3650
1699
2185
3338
9552
144
3882
6089
8607
6804
621
7820
6844
7651
297
76
4610
4812
4439
9268
4217
6878
2604
4832
6971
2495
2831
8521
2049
1041
8031
2747
2043
4964
7695
6356
2037
395
2846
9910
4596
780
2068
1522
7369
4580
895
1449
2524
3166
6684
2810
1654
2488
2425
3151
5769
1829
169
416
289
5438
1868
2757
8052
5178
8963
956
2768
131
1723
699
2925
1163
9340
1486
1248
8732
2092
1727
4047
5091
5020
3070
4876
6846
8429
5256
3432
5615
2707
6033
1453
1974
7474
3637
5554
4006
8323
5055
8175
1018
5625
2773
5467
1735
7247
6915
4343
1543
5217
2671
7877
5266
3595
8373
2978
2850
876
8308
7357
7647
8544
9462
4725
49
9247
8350
3602
2009
8030
83
9940
6242
4817
5374
8885
393
4508
4501
2510
4654
5413
8434
1776
581
1305
5462
5198
7758
5618
9517
1484
4614
6750
5100
6763
6411
5088
6902
4988
9774
9280
5089
7350
1272
6395
3944
4129
2133
3737
2874
6153
1029
6345
6899
1291
2345
8280
6482
3779
6473
4806
4809
2456
9488
4990
7696
6515
7403
4265
1824
4857
2071
4476
4793
5176
239
3758
5523
9438
7370
9934
7418
9932
314
5396
7634
6060
3092
5503
9477
639
2733
9844
1606
4777
6357
9173
4784
4587
9265
8819
9902
9415
8394
6437
3904
1580
6820
6371
7537
7245
9400
1209
4633
4312
8566
15
8927
299
7648
4996
5308
9719
9773
2469
5076
2769
6792
3757
1905
1563
6573
7493
3094
26
5730
9053
4845
3816
8968
401
8559
2974
161
1811
8203
8702
7957
5298
3879
2286
2020
4984
7616
963
1784
5825
9603
502
1509
7547
650
7916
3697
656
7865
8449
7082
1154
6830
4056
7321
9821
269
5983
9493
1547
4014
7586
3721
4756
2670
6315
9593
8901
4256
5216
8448
6619
5634
2992
5365
2061
209
2158
1480
4575
6234
2957
8938
7970
5895
3464
846
9983
1850
1210
6714
4158
4008
6836
2582
7365
4443
8246
2421
3291
2106
404
7008
1546
2565
8087
8485
7841
4215
4652
4052
4569
5743
3809
4640
9810
3347
4734
672
5798
9861
7503
9162
6579
390
7953
7410
7142
3292
8872
5276
2598
4607
2028
7597
5767
4883
9379
1916
6148
5650
4675
4450
8771
3156
2752
3253
8561
5484
8395
2853
8505
9182
4155
5341
5828
4332
3619
779
6463
5812
359
742
4760
4961
1668
3863
1098
5581
6074
795
2396
2788
7428
510
2481
8298
1371
6489
1583
6901
1725
1011
6976
3163
3502
7102
9382
825
5718
3884
1615
909
2917
77
8701
8982
7535
3671
4681
1577
8267
3906
5109
6204
4694
3488
7998
2845
4178
7534
3966
56
9715
1444
5280
1259
8947
7241
151
3022
8168
9466
4935
4514
4233
8736
9137
681
6117
3160
8568
3212
5938
2639
5211
9655
4337
4752
591
7279
6184
9649
6527
7397
1364
6228
2145
1871
490
9963
9712
5121
576
2081
7583
7830
4322
5789
8554
9779
8022
4400
8162
1969
2979
981
4629
4144
7158
1773
3723
5881
4778
2878
2103
5193
6850
789
7004
7264
9693
7231
5569
7487
3960
8629
9576
4490
5042
4345
5157
505
8380
5562
4763
1533
3024
1239
5171
6950
9665
4041
7130
4435
6254
2078
553
508
937
9973
7433
216
5833
9592
1
5287
1701
9657
8731
8721
1211
4731
7508
8884
3999
3911
4625
3658
3511
1319
2762
5005
6685
4318
4550
8608
1236
6436
7030
8061
1281
497
798
8108
6731
9616
7617
768
9925
6898
9191
3680
3533
3867
5281
4534
2364
6103
2125
7619
788
5009
1226
9537
3592
3398
3077
6759
7201
9992
9473
1825
462
7866
8905
8053
2477
4097
214
9271
47
2098
6632
2859
9617
9541
1833
2320
772
3452
5958
5943
3483
3846
4410
1344
9448
5096
191
9711
9407
3350
3748
7174
2689
8910
3559
9841
4257
5704
8216
6475
2817
1326
2365
4647
2307
3718
9505
6458
6691
5954
6485
2473
1883
9086
5139
8144
7585
6423
4717
6341
5733
7997
5373
695
9683
6692
4714
2273
7226
6262
5306
9058
5302
3663
4114
904
986
8239
5640
6617
5626
6349
3457
8282
6210
6360
808
9750
3390
2691
6623
5184
4859
9955
5344
8290
3379
8689
566
9111
786
9591
9377
7456
7048
7381
1718
4080
9654
4853
2475
8211
6295
8297
6179
1892
2586
9237
666
8378
5795
8777
2428
5135
7920
4551
5466
685
5666
3735
4292
3587
68
8879
8620
9564
7904
5770
1834
1832
9017
5423
9163
5968
6118
5293
7603
7664
7566
195
5548
8408
8158
8084
4797
400
5636
4910
7934
9610
1051
9972
907
8776
4454
7796
939
2943
3032
1136
8110
6852
560
8249
2470
2213
6187
5199
9032
3938
3365
6493
803
1378
2319
7912
569
9930
1805
1932
4125
760
9390
3128
2276
8892
8346
4634
2404
587
9937
9351
6921
3461
9689
8466
7653
1307
3006
9335
6427
1173
2818
2336
6571
414
2109
8354
4585
8579
8019
3855
6630
3371
511
5283
9222
8147
1321
9333
3620
2104
709
3405
5755
1708
9873
8906
5671
5541
4655
33
5619
7605
2682
8553
1395
4043
2450
4707
8955
87
2506
1320
4142
6073
7612
2568
6314
2592
2540
8080
8478
8760
1720
5470
6398
7017
6542
8939
4599
628
2501
2224
521
6769
1107
317
1124
5218
926
413
2251
7932
6784
509
2889
9562
796
5154
5064
6523
2761
4417
5248
4746
4324
3250
5407
279
2521
6480
9644
6164
866
4478
1620
1977
429
1390
4117
8220
1813
6112
1645
4666
9529
5483
54
5142
8880
7271
727
5275
2153
5546
9323
8047
9100
3191
4185
3978
871
6181
2111
251
9052
3190
6525
4288
2451
4813
5607
7067
6003
1394
3060
3493
2664
719
6682
7114
48
333
4208
8250
1294
820
9919
358
2405
3361
1433
9536
5332
9524
6019
3977
7223
8586
3499
927
5071
7770
2301
3672
6149
4718
7213
1970
1071
4649
1388
5539
2164
2767
4074
7946
3237
1133
9372
7355
4280
1070
3226
6720
5768
4758
4906
5173
5608
1944
4839
881
4286
2589
140
2420
7135
5006
1458
6370
5166
1828
6253
862
3839
5861
7198
3018
3508
4407
4517
3010
1591
138
8996
6834
361
8054
9884
5522
5904
5575
6297
4825
3993
4196
9385
3710
7986
9397
611
37
2033
1779
4420
1837
5259
6695
6851
4908
8589
3632
4586
2274
2630
7044
4849
1976
729
445
4079
6219
7055
3339
4776
2325
4190
1812
7752
1346
7978
1467
9134
9012
1058
409
2554
9484
4419
8301
9710
5102
2692
8706
7031
7544
3749
7121
3560
6353
2416
2722
8785
1033
5187
9399
9096
9275
465
4648
5524
396
7116
4651
1823
8364
4678
4500
255
1804
4560
1709
515
6849
4562
6027
5301
8342
7902
7084
2551
9262
2864
3654
1454
7680
3337
8120
4863
1278
9121
3849
8113
4099
4630
5972
2763
2088
4986
3974
782
8715
9824
2143
6925
6501
2097
4939
4248
4674
5847
9734
589
342
7047
2839
8729
750
3479
224
8663
5450
7784
6207
383
7259
4538
312
1266
2095
5010
9957
75
3007
1808
5598
5481
8073
8923
4838
6087
8614
910
5964
4315
7570
3514
8069
2247
6967
8943
6131
301
9128
4013
9343
562
8324
428
5410
2724
1285
735
4893
452
8424
4092
6591
8654
365
4165
2086
4930
1243
467
5398
4872
8523
873
5829
2048
9076
5161
4371
9980
4622
8950
2147
4060
9811
6121
6839
4506
5268
4697
2938
4934
1037
3146
3678
501
9471
5451
8468
9091
6730
4448
4234
5661
1548
4703
3173
111
1915
1153
1179
6992
4361
9242
2329
2436
5646
4539
2799
940
4577
3844
2108
8580
2332
4966
3981
9686
73
1089
651
207
1780
6054
3852
3618
341
1647
2270
9392
2330
4743
3363
1726
9671
5529
7955
6432
4023
1859
4272
4489
1755
5426
5998
584
2321
7580
4811
9946
1972
8831
7013
4573
1245
8969
4828
702
5831
6583
81
9936
5012
1417
417
9464
3016
4913
9525
2824
6008
3046
7373
6418
5614
379
9445
2754
5284
1034
7497
2210
3389
6625
6913
222
9544
6606
2587
674
7813
4765
6125
8327
5499
8489
2493
91
8756
5658
9845
3202
7234
8370
4761
8191
1117
5239
3951
5859
6471
2826
7075
8543
8951
2969
5343
5601
6842
6664
9192
2573
3584
6506
2058
2460
8595
6243
2930
3754
2494
3415
5570
4899
2455
4597
4310
7719
7702
5944
2595
5735
6657
6633
8945
4278
2046
3557
7026
5836
2931
7227
1073
2535
3045
1648
9637
3740
9606
2640
5511
3998
6483
322
5797
8609
1166
1485
6058
3466
6156
79
6139
517
6522
1929
6186
7646
6572
2424
9452
3075
2933
1349
2499
6642
4348
292
6563
5111
7143
5464
1685
5696
3958
5588
3728
8656
8726
3778
2782
9872
3097
6030
5622
6041
2805
901
9429
528
2583
5002
2159
7499
5247
5643
6807
3564
8574
854
6780
2848
568
8244
3597
440
4388
2402
7168
7728
7620
6739
2378
7364
8272
6982
9701
8753
1957
2024
9278
3331
692
5113
1447
9424
4071
3340
4261
1597
5538
3901
7987
6467
6728
9319
882
4685
1025
4358
8400
2184
3763
5571
913
3706
5531
2468
4451
3135
6211
8016
4871
9328
770
2833
6270
6941
3866
1810
5340
838
6562
7993
2138
5001
4642
6273
9027
7207
4570
3460
9244
6188
9251
4952
715
1988
274
3152
6222
1207
3916
2775
7358
8430
9871
1820
3235
1415
4188
2844
3581
6766
2187
3972
7802
158
6872
2146
7482
7792
8673
8520
5558
4077
1946
4167
9808
537
6862
3794
7694
9760
3185
2646
9079
150
3068
1410
6670
3193
911
3254
8660
2407
200
3766
1657
6801
6829
8517
4069
2189
1730
2462
2154
2795
4504
7240
8964
450
2163
531
5907
2135
8066
294
2574
9152
62
9283
7525
916
3382
720
6928
5942
1416
2558
5453
9559
8090
9136
1715
6217
6323
9783
2115
7773
9888
235
1689
9709
1571
2758
5855
2683
3172
3099
7126
9921
6094
1619
3242
3248
142
944
1821
1141
4867
7452
7555
2219
1880
1022
1938
7994
2269
4118
5681
9084
8992
4174
6209
2822
2665
5891
4298
154
6610
8778
4938
8696
6307
4979
7498
4544
1172
1114
7578
8428
7962
8873
1835
9822
6328
9449
455
2232
8567
7053
4084
8367
4944
407
7441
2226
1036
3399
7926
7307
4926
5069
3871
6134
7219
8141
7378
360
3745
1978
2726
5411
722
3497
7344
7292
1854
9312
7437
2060
5883
7395
9054
3327
7059
9744
571
9465
6120
836
7548
5751
3424
2178
9987
7766
281
324
8793
378
552
9583
2935
9913
4123
6045
6166
4264
1398
9497
6667
4270
271
8208
7155
3491
6955
2502
6509
532
4368
2836
5530
2205
8934
2237
9558
8751
5866
7721
4355
7811
5172
381
9472
3126
9960
8657
7112
6507
9132
9500
4423
6933
5886
8918
4357
6552
5146
6535
2526
690
5961
8269
7665
3786
1758
828
778
3930
8866
5628
1175
1622
1232
1549
4978
2563
177
9409
5729
6892
7132
3519
5099
3065
6189
4309
7628
810
3716
11
1954
3588
3824
4787
6415
9442
9966
1961
4091
6382
756
9129
8757
5296
3105
1838
1663
2208
8055
1900
8172
6671
5050
3635
9148
9412
6020
2333
3647
8392
6966
7736
9073
4025
2444
8576
1302
8888
5937
198
2987
4036
9790
8791
7707
1020
4465
1590
5260
476
4141
2539
3939
7310
2070
5394
4663
843
8667
6620
9366
559
4136
2298
8625
1178
8043
2962
1690
9376
9854
2120
3213
5044
1106
5007
8441
7592
536
4003
8824
368
5333
3980
9256
1887
8565
6989
9072
9273
3005
7289
5675
8126
2983
1235
5013
1743
5959
9748
732
6043
3643
7115
7644
5781
7052
595
8329
9028
8358
1831
8633
8987
4418
8008
4295
7394
4259
5723
691
2196
5902
6972
9761
7422
6602
8703
6151
3783
9281
4362
8507
8157
2354
4446
9551
384
9411
7640
8259
6585
163
226
1204
5270
2175
2901
8847
2380
6636
5286
1090
3316
9687
4218
2942
1610
3329
1628
804
2442
3891
1095
2239
9753
8636
4904
9337
9868
8433
8118
2522
2659
7233
829
157
1160
8707
5803
3575
9433
5401
5163
5241
5202
2401
122
2514
2323
6306
5540
3529
1714
6201
2888
4846
5272
1277
3505
3195
4690
1798
9605
2835
7193
1602
498
2161
4890
2136
6702
5228
8956
5250
1027
8990
7494
